0.0000000 0.0000000 0.9460458 
0.1453358 0.0000000 0.9460458 
0.0000000 0.1453358 0.9460458 

0.0000000 0.0000000 0.9773794 
0.1678526 0.0000000 0.9773794 
0.0000000 0.1678526 0.9773794 

0.7688733 0.0000000 0.9221245 
1.1533099 0.0000000 0.9221245 
0.7688733 0.3844366 0.9221245 

1.1350034 0.0000000 0.8754209 
1.1350034 0.5675017 0.8754209 
0.5675017 0.0000000 0.8754209 

0.4673544 0.0000000 0.9605863 
0.4673544 0.4673544 0.9605863 
0.0000000 0.0000000 0.9605863 

0.3907389 0.0000000 0.9703593 
0.5861083 0.0000000 0.9703593 
0.3907389 0.1953694 0.9703593 

